function leg_length_b = func_feetlength(in1,in2,in3,in4)
%FUNC_FEETLENGTH
%    LEG_LENGTH_B = FUNC_FEETLENGTH(IN1,IN2,IN3,IN4)

%    This function was generated by the Symbolic Math Toolbox version 8.4.
%    28-Aug-2020 16:54:15

Rb_1_1 = in1(16,:);
Rb_1_2 = in1(19,:);
Rb_1_3 = in1(22,:);
Rb_2_1 = in1(17,:);
Rb_2_2 = in1(20,:);
Rb_2_3 = in1(23,:);
Rb_3_1 = in1(18,:);
Rb_3_2 = in1(21,:);
Rb_3_3 = in1(24,:);
dpb_1 = in2(1,:);
dpb_2 = in2(2,:);
dpb_3 = in2(3,:);
dpbD_1 = in3(1,:);
dpbD_2 = in3(2,:);
dpbD_3 = in3(3,:);
dpiDD_1 = in4(1,:);
dpiDD_2 = in4(2,:);
dpiDD_3 = in4(3,:);
wb_1 = in1(40,:);
wb_2 = in1(41,:);
wb_3 = in1(42,:);
t2 = Rb_1_1.*wb_2;
t3 = Rb_1_2.*wb_1;
t4 = Rb_1_1.*wb_3;
t5 = Rb_1_3.*wb_1;
t6 = Rb_1_2.*wb_3;
t7 = Rb_1_3.*wb_2;
t8 = Rb_2_1.*wb_2;
t9 = Rb_2_2.*wb_1;
t10 = Rb_2_1.*wb_3;
t11 = Rb_2_3.*wb_1;
t12 = Rb_2_2.*wb_3;
t13 = Rb_2_3.*wb_2;
t14 = Rb_3_1.*wb_2;
t15 = Rb_3_2.*wb_1;
t16 = Rb_3_1.*wb_3;
t17 = Rb_3_3.*wb_1;
t18 = Rb_3_2.*wb_3;
t19 = Rb_3_3.*wb_2;
t20 = -dpiDD_1;
t21 = -dpiDD_2;
t22 = -dpiDD_3;
t23 = -t3;
t24 = -t5;
t25 = -t7;
t26 = -t9;
t27 = -t11;
t28 = -t13;
t29 = -t15;
t30 = -t17;
t31 = -t19;
t32 = t2+t23;
t33 = t4+t24;
t34 = t6+t25;
t35 = t8+t26;
t36 = t10+t27;
t37 = t12+t28;
t38 = t14+t29;
t39 = t16+t30;
t40 = t18+t31;
t41 = t32.*wb_1;
t42 = t32.*wb_2;
t43 = t33.*wb_1;
t44 = t33.*wb_3;
t45 = t34.*wb_2;
t46 = t34.*wb_3;
t47 = t35.*wb_1;
t48 = t35.*wb_2;
t49 = t36.*wb_1;
t50 = t36.*wb_3;
t51 = t37.*wb_2;
t52 = t37.*wb_3;
t53 = t38.*wb_1;
t54 = t38.*wb_2;
t55 = t39.*wb_1;
t56 = t39.*wb_3;
t57 = t40.*wb_2;
t58 = t40.*wb_3;
t59 = dpbD_3.*t32.*2.0;
t60 = dpbD_2.*t33.*2.0;
t61 = dpbD_1.*t34.*2.0;
t62 = dpbD_3.*t35.*2.0;
t63 = dpbD_2.*t36.*2.0;
t64 = dpbD_1.*t37.*2.0;
t65 = dpbD_3.*t38.*2.0;
t66 = dpbD_2.*t39.*2.0;
t67 = dpbD_1.*t40.*2.0;
t68 = -t60;
t69 = -t63;
t70 = -t66;
t71 = -t46;
t72 = -t52;
t73 = -t58;
t74 = t42+t44;
t75 = t43+t45;
t76 = t48+t50;
t77 = t49+t51;
t78 = t54+t56;
t79 = t55+t57;
t80 = dpb_1.*t74;
t81 = dpb_3.*t75;
t82 = dpb_1.*t76;
t83 = dpb_3.*t77;
t84 = dpb_1.*t78;
t85 = dpb_3.*t79;
t86 = t41+t71;
t87 = t47+t72;
t88 = t53+t73;
t89 = -t80;
t90 = dpb_2.*t86;
t91 = -t82;
t92 = dpb_2.*t87;
t93 = -t84;
t94 = dpb_2.*t88;
t95 = t20+t59+t61+t68+t81+t89+t90;
t96 = t21+t62+t64+t69+t83+t91+t92;
t97 = t22+t65+t67+t70+t85+t93+t94;
leg_length_b = [-Rb_1_1.*t95-Rb_2_1.*t96-Rb_3_1.*t97;-Rb_1_2.*t95-Rb_2_2.*t96-Rb_3_2.*t97;-Rb_1_3.*t95-Rb_2_3.*t96-Rb_3_3.*t97];
